25
30
1600 1519
1601 502
1600 286
1602 210
1602 1517
1602 179
1602 865
1600 62
1600 448
1600 1035
1602 55
1602 408
1602 1331
1602 1117
1601 452
1601 1207
1601 1658
1600 1555
1600 1430
1601 697
1601 319
1600 1961
1601 210
1600 779
1600 736
1601 1237
1601 1653
1600 1495
1601 1099
1600 1000000000
13
1601 1000000000
1601 1000000000
1600 1000000000
1600 1000000000
1600 1000000000
1600 1000000000
1600 1000000000
1600 1000000000
1600 1000000000
1600 408158429
1602 1000000000
1600 1000000000
1601 1000000000
16
1601 1438
1602 1328
1600 1248
1602 351
1602 1494
1600 335
1601 778
1601 1896
1602 1410
1602 450
1602 665
1600 470
1600 1649
1601 822
1601 136
1600 1000000000
31
1602 1000000000
1600 1000000000
1602 1000000000
1600 1000000000
1600 1000000000
1600 1000000000
1600 1000000000
1602 1000000000
1600 1000000000
1600 1000000000
1602 1000000000
1600 1000000000
1652 97614238
1600 1000000000
1600 1000000000
1600 1000000000
1600 1000000000
1600 1000000000
1602 1000000000
1897 594022782
1600 1000000000
1602 1000000000
1602 1000000000
1600 1000000000
1600 1000000000
1601 1000000000
1601 1000000000
1602 1000000000
1600 1000000000
1602 1000000000
1600 1000000000
26
1600 1783
1602 612
1602 1040
1602 408
1600 766
1600 1105
1602 1882
1600 1227
1601 1001
1600 230
1601 1800
1601 491
1600 494
1602 1940
1600 176
1602 996
1600 1558
1602 1569
1600 263
1602 974
1602 339
1601 1081
1602 867
1600 1903
1602 1547
1600 1000000000
39
1600 1000000000
1601 1000000000
1602 1000000000
1600 1000000000
1602 1000000000
1600 1000000000
1600 1000000000
1602 1000000000
1600 1000000000
1600 1000000000
1602 1000000000
1600 1000000000
1600 1000000000
1600 1000000000
1600 1000000000
1601 1000000000
1600 1000000000
1600 1000000000
1600 1000000000
1600 1000000000
1601 1000000000
1600 1000000000
1600 1000000000
1600 1000000000
1601 1000000000
1600 1000000000
1600 1000000000
1600 1000000000
1606 781914386
1600 1000000000
1600 1000000000
1600 1000000000
1600 1000000000
1600 1000000000
1600 1000000000
1602 1000000000
1602 1000000000
1600 994679970
1600 1000000000
17
1601 995
1601 438
1601 1849
1600 338
1601 5
1601 544
1601 585
1601 1427
1602 1605
1602 1356
1602 997
1600 389
1601 446
1600 1187
1602 1111
1600 1532
1600 1000000000
15
1600 1000000000
1600 1000000000
1600 1000000000
1600 1000000000
1602 1000000000
1600 1000000000
1600 1000000000
1600 1000000000
1600 1000000000
1696 638361085
1600 1000000000
1602 1000000000
1600 1000000000
1601 1000000000
1602 1000000000
20
1601 811
1600 1376
1602 615
1601 648
1600 20
1601 1273
1602 205
1600 1102
1600 1037
1601 272
1601 1805
1600 1801
1600 757
1601 324
1601 1708
1602 1441
1601 1253
1602 1084
1600 1368
1600 1000000000
17
1600 1000000000
1602 1000000000
1600 1000000000
1600 1000000000
1600 1000000000
1601 1000000000
1600 1000000000
1600 1000000000
1602 1000000000
1600 1000000000
1600 1000000000
1600 1000000000
1601 1000000000
1600 1000000000
1601 1000000000
1600 1000000000
1600 1000000000
18
1602 905
1602 1446
1601 1149
1600 230
1600 1936
1602 1852
1600 1118
1600 1710
1601 1193
1602 304
1601 262
1600 632
1601 1842
1600 1841
1601 431
1602 512
1602 211
1600 1000000000
15
1602 1000000000
1600 1000000000
1602 1000000000
1600 1000000000
1483 858873154
1600 1000000000
1600 1000000000
1602 1000000000
1601 861394416
1600 1000000000
1600 1000000000
1600 1000000000
1600 1000000000
1600 1000000000
1600 1000000000
17
1601 717
1601 1681
1600 457
1600 1352
1600 817
1601 571
1600 1981
1601 720
1602 1044
1601 1392
1602 679
1600 237
1601 366
1602 1972
1601 79
1600 1222
1600 1000000000
16
1602 1000000000
1600 1000000000
1602 1000000000
1602 1000000000
1600 1000000000
1600 1000000000
1602 1000000000
1600 1000000000
1600 391080829
1602 1000000000
1602 910550476
1601 1000000000
1600 1000000000
1600 1000000000
1602 1000000000
1600 1000000000
16
1602 1926
1601 1388
1602 1849
1600 1261
1602 617
1601 1123
1600 623
1601 431
1601 1610
1602 1243
1602 660
1601 905
1601 1384
1600 1047
1601 1626
1600 1000000000
23
1600 707436606
1602 1000000000
1600 1000000000
1600 1000000000
1600 1000000000
1600 1000000000
1600 1000000000
1600 1000000000
1601 1000000000
1600 1000000000
1600 1000000000
1600 1000000000
1600 1000000000
1600 1000000000
1600 1000000000
1601 1000000000
1602 1000000000
1600 1000000000
1600 1000000000
1600 1000000000
1600 1000000000
1600 1000000000
1602 1000000000
26
1600 1142
1600 1879
1600 935
1600 1642
1601 1368
1602 1145
1602 650
1601 1255
1602 1827
1602 874
1602 914
1600 1524
1601 922
1601 1540
1600 1721
1602 568
1602 993
1602 490
1601 901
1600 1462
1601 481
1601 688
1601 1829
1602 166
1600 309
1600 1000000000
24
1602 1000000000
1600 1000000000
1601 1000000000
1601 1000000000
1600 1000000000
1600 1000000000
1602 1000000000
1850 822051912
1600 1000000000
1600 1000000000
1599 916383757
1600 1000000000
1600 1000000000
1600 1000000000
1600 1000000000
1600 1000000000
1600 1000000000
1600 1000000000
1601 1000000000
1601 1000000000
1600 1000000000
1600 1000000000
1600 1000000000
1600 1000000000
14
1602 56
1601 1213
1602 1358
1600 172
1602 878
1600 1776
1601 373
1600 533
1601 671
1600 932
1601 692
1601 570
1601 517
1600 1000000000
29
1600 1000000000
1600 1000000000
1600 1000000000
1601 1000000000
1600 1000000000
1600 1000000000
1600 1000000000
1600 1000000000
1410 667155083
1600 1000000000
1600 1000000000
1600 1000000000
1600 1000000000
1601 1000000000
1602 1000000000
1600 333976497
1600 1000000000
1864 402983778
1602 1000000000
1602 1000000000
1600 1000000000
1600 1000000000
1601 1000000000
1600 1000000000
1600 1000000000
1602 1000000000
1600 1000000000
1601 1000000000
1600 1000000000
12
1602 699
1600 1740
1601 1685
1601 217
1601 1968
1601 1302
1601 1449
1600 892
1600 1503
1602 1978
1602 554
1600 1000000000
26
1600 1000000000
1601 467695547
1600 1000000000
1600 1000000000
1600 1000000000
1600 1000000000
1601 1000000000
1601 1000000000
1600 1000000000
1600 1000000000
1601 1000000000
1600 1000000000
1600 1000000000
1601 1000000000
1602 1000000000
1600 1000000000
1600 1000000000
1600 1000000000
1600 1000000000
1600 1000000000
1600 1000000000
1600 1000000000
1600 1000000000
1600 1000000000
1600 1000000000
1600 1000000000
12
1600 829
1602 499
1601 1360
1602 756
1601 1134
1602 705
1601 1528
1602 678
1601 1440
1601 555
1601 515
1600 1000000000
19
1602 1000000000
1600 1000000000
1600 1000000000
1600 232342238
1600 1000000000
1602 1000000000
1544 107940087
1600 1000000000
1601 1000000000
1600 1000000000
1600 1000000000
1600 1000000000
1757 135592568
1600 1000000000
1600 1000000000
1600 1000000000
1600 1000000000
1600 1000000000
1600 1000000000
11
1601 234
1600 821
1601 152
1602 1290
1602 110
1600 306
1602 1944
1601 175
1600 243
1602 1566
1600 1000000000
18
1602 1000000000
1600 1000000000
1602 1000000000
1601 1000000000
1602 1000000000
1717 64672796
1600 1000000000
1600 1000000000
1508 284162612
1600 1000000000
1600 1000000000
1600 1000000000
1601 1000000000
1600 1000000000
1600 1000000000
1600 1000000000
1601 1000000000
1600 1000000000
24
1602 479
1601 1614
1602 1208
1602 1647
1600 871
1600 1116
1600 1327
1600 1861
1601 1693
1600 147
1600 340
1601 1219
1602 1689
1602 1887
1601 900
1600 960
1602 623
1602 825
1601 1025
1602 1012
1601 165
1602 82
1601 1505
1600 1000000000
12
1601 1000000000
1600 1000000000
1602 630419447
1602 881995345
1600 1000000000
1600 1000000000
1602 1000000000
1600 1000000000
1699 468028936
1600 1000000000
1600 1000000000
1601 1000000000
23
1601 1373
1600 1757
1600 676
1601 1421
1601 591
1602 1936
1601 1667
1602 76
1601 181
1601 517
1601 238
1601 1772
1602 1690
1600 1347
1602 947
1601 112
1600 1062
1601 1276
1601 1281
1601 1557
1600 417
1601 1125
1600 1000000000
20
1601 1000000000
1602 1000000000
1600 1000000000
1602 1000000000
1600 1000000000
1600 1000000000
1600 1000000000
1600 1000000000
1600 1000000000
1600 1000000000
1600 1000000000
1600 1000000000
1600 1000000000
1600 1000000000
1601 1000000000
1682 155309128
1602 1000000000
1600 1000000000
1600 1000000000
1600 1000000000
18
1601 697
1602 548
1600 580
1602 612
1602 1188
1602 1003
1600 915
1602 992
1601 681
1602 1563
1602 773
1601 1911
1601 1781
1600 1429
1600 1172
1601 479
1601 90
1600 1000000000
34
1601 1000000000
1600 1000000000
1600 1000000000
1602 1000000000
1600 1000000000
1600 1000000000
1600 1000000000
1602 1000000000
1600 1000000000
1600 1000000000
1602 1000000000
1473 440212187
1600 1000000000
1800 284567044
1602 1000000000
1600 1000000000
1600 1000000000
1600 1000000000
1600 1000000000
1601 1000000000
1600 1000000000
1600 1000000000
1600 1000000000
1600 1000000000
1600 1000000000
1602 1000000000
1602 97045071
1600 1000000000
1600 1000000000
1600 1000000000
1600 1000000000
1600 1000000000
1807 60258560
1601 1000000000
23
1600 1088
1601 1160
1602 1624
1600 349
1600 162
1602 1784
1601 1270
1602 494
1601 1870
1602 294
1600 945
1602 521
1601 523
1602 20
1601 1846
1601 1388
1602 324
1600 905
1601 1204
1601 1309
1601 1414
1601 936
1600 1000000000
14
1600 1000000000
1601 1000000000
1600 1000000000
1601 1000000000
1600 1000000000
1600 1000000000
1900 891247046
1600 1000000000
1602 1000000000
1600 1000000000
1600 1000000000
1602 533357861
1600 1000000000
1600 651832074
21
1602 390
1602 514
1602 1548
1602 1572
1602 1395
1600 1287
1600 1851
1602 1324
1600 633
1601 69
1602 748
1602 270
1600 1863
1601 670
1602 851
1600 412
1600 1611
1602 1795
1601 1088
1602 1871
1600 1000000000
17
1600 1000000000
1601 1000000000
1845 363693735
1600 1000000000
1600 1000000000
1600 1000000000
1600 1000000000
1600 1000000000
1602 392748974
1601 1000000000
1602 1000000000
1601 1000000000
1600 1000000000
1600 1000000000
1600 1000000000
1600 1000000000
1519 506245434
10
1602 672
1602 454
1602 130
1602 1688
1601 1863
1602 619
1602 837
1600 287
1600 1938
1600 1000000000
29
1601 1000000000
1600 1000000000
1600 1000000000
1601 1000000000
1602 1000000000
1600 1000000000
1600 1000000000
1600 1000000000
1600 1000000000
1600 1000000000
1600 1000000000
1600 1000000000
1600 1000000000
1753 397854519
1601 1000000000
1600 736244579
1602 1000000000
1601 1000000000
1600 1000000000
1600 711643514
1602 1000000000
1600 1000000000
1601 1000000000
1600 1000000000
1600 1000000000
1602 1000000000
1600 1000000000
1600 1000000000
1600 1000000000
29
1601 1759
1600 267
1602 514
1600 226
1602 1775
1600 270
1600 734
1600 1206
1601 33
1600 544
1600 260
1602 863
1602 233
1602 131
1601 919
1601 1052
1602 224
1601 1032
1600 1937
1602 89
1602 1605
1602 1068
1601 939
1602 1975
1600 125
1601 1736
1601 874
1602 222
1600 1000000000
10
1600 1000000000
1441 345865933
1600 1000000000
1601 1000000000
1600 1000000000
1600 1000000000
1600 1000000000
1602 1000000000
1600 1000000000
1600 1000000000
29
1600 1625
1602 235
1602 1334
1602 1477
1600 881
1601 1819
1600 848
1601 1695
1601 817
1601 1495
1600 641
1601 641
1602 523
1601 1953
1600 1407
1601 138
1600 1704
1600 191
1601 198
1602 1514
1601 1663
1600 1140
1600 1202
1602 1151
1601 1373
1600 842
1601 1790
1602 1928
1600 1000000000
23
1600 1000000000
1600 1000000000
1600 1000000000
1601 111241259
1600 1000000000
1602 1000000000
1600 1000000000
1600 1000000000
1602 1000000000
1601 1000000000
1600 1000000000
1600 1000000000
1600 1000000000
1602 724751726
1600 1000000000
1602 1000000000
1600 1000000000
1600 1000000000
1601 1000000000
1492 934008971
1602 1000000000
1600 1000000000
1600 1000000000
10
1602 1087
1600 771
1601 930
1601 323
1601 639
1602 665
1602 1222
1600 1810
1600 319
1600 1000000000
12
1602 1000000000
1600 1000000000
1602 1000000000
1602 1000000000
1601 1000000000
1602 1000000000
1601 1000000000
1602 1000000000
1600 1000000000
1600 1000000000
1600 1000000000
1601 1000000000
29
1600 419
1601 1937
1600 1572
1600 1566
1601 593
1601 246
1600 1019
1602 882
1600 265
1601 1091
1602 472
1602 1145
1602 1652
1601 148
1601 1765
1602 87
1601 39
1601 1887
1600 1766
1601 1180
1601 1175
1601 1454
1602 856
1601 236
1601 43
1601 352
1602 943
1602 1884
1600 1000000000
11
1601 1000000000
1600 1000000000
1602 1000000000
1600 1000000000
1601 1000000000
1600 1000000000
1600 1000000000
1602 1000000000
1602 1000000000
1601 1000000000
1602 1000000000
14
1600 300
1601 405
1600 1234
1600 1557
1602 155
1600 1949
1602 1012
1601 1546
1602 1557
1602 920
1602 1893
1602 1317
1602 1280
1600 1000000000
17
1602 1000000000
1601 1000000000
1601 1000000000
1600 1000000000
1600 1000000000
1600 1000000000
1600 1000000000
1601 1000000000
1601 1000000000
1600 1000000000
1600 1000000000
1600 1000000000
1600 1000000000
1600 1000000000
1600 1000000000
1600 1000000000
1600 1000000000
24
1602 1335
1600 659
1602 975
1602 309
1600 923
1600 1661
1601 1463
1600 1034
1602 354
1600 508
1602 897
1601 1074
1602 1249
1600 746
1601 1880
1601 794
1601 1587
1601 1391
1602 108
1602 1326
1601 135
1601 194
1602 1390
1600 1000000000
39
1601 1000000000
1600 1000000000
1600 1000000000
1601 87513088
1600 1000000000
1601 1000000000
1602 1000000000
1600 1000000000
1602 1000000000
1600 1000000000
1602 1000000000
1601 1000000000
1600 1000000000
1600 1000000000
1600 1000000000
1600 1000000000
1600 1000000000
1600 1000000000
1600 1000000000
1601 1000000000
1601 1000000000
1600 1000000000
1601 1000000000
1600 1000000000
1601 1000000000
1600 1000000000
1602 1000000000
1600 1000000000
1600 1000000000
1601 1000000000
1600 1000000000
1600 1000000000
1600 1000000000
1600 1000000000
1600 1000000000
1600 1000000000
1600 1000000000
1601 1000000000
1601 1000000000
