4
1
1400 1
4
1400 1
1400 2
1900 1
1400 1000000000
5
1700 1
1700 2
1700 3
1700 4
1700 1000000000
4
1700 1000000000
1700 999999999
1700 1000000001
1699 1
4
1400 1000000000
1900 1
1900 2
1400 5
4
1400 1000000000
1900 3
1900 2
1500 1
50
1426 418
1412 106
1427 187
1447 23
1433 213
1446 44
1414 258
1436 673
1400 591
1438 736
1441 658
1404 455
1411 662
1416 761
1425 108
1423 452
1403 716
1417 903
1448 950
1435 228
1449 480
1434 918
1430 225
1437 842
1424 954
1440 192
1419 170
1422 653
1429 64
1431 595
1442 129
1428 886
1409 707
1420 357
1443 560
1413 849
1445 362
1410 248
1415 582
1418 856
1401 764
1421 746
1405 818
1407 64
1444 398
1402 901
1408 608
1406 650
1432 155
1439 250
4
1400 1
1449 9999
1450 1
1425 500
